2570542
2315904
81532
109239
2926
33640
31360
5961
1603444
1476591
1411623
464258
1764295
49980
459250
216773
218684
233186
2898
42750
43352
2608282
2608281
47933
182243
391066
2509650
3037
39714
36767
182087
626734
94617
691883
118369
31455
39447
926437
2829
1003176
2137591
1653305
107758
1108494
2511775
466607
753684
77300
283646
283647
38833
262233
2070540
283649
517774
1610577
265563
2047113
2969
2969
2548444
37642
1993908
35679
464228
498007
118079
63601
2510583
156131
216777
420281
97485
72548
2749911
476441
311385
35684
1892842
38822
1411642
2972
96639
2801
39575
1411683
626734
71861
302047
1486929
267566
126664
1618200
1618205
89044
1955568
1054997
141413
141414
1082188
999882
104179
2652706
65586
385413
637379
265564
2070547
693140
1488528
2070542
2070543
1514140
875863
104535
95228
333133
77619
1744892
168257
2070544
